State,Japanese Anime,Japanese Manga,J-Pop,Japan,Japanese Cuisine
Sabah,29,13,0,58,0
Kelantan,32,16,0,52,0
Sarawak,28,12,0,60,0
Terengganu,34,18,0,48,0
Labuan,32,20,0,47,1
Pahang,30,15,0,55,0
Perak,30,15,0,54,1
Kedah,31,14,0,55,0
Johor,28,13,0,58,1
Negeri Sembilan,30,17,0,53,0
Perlis,30,18,0,52,0
Kuala Lumpur,21,11,0,66,2
Melaka,27,17,0,55,1
Selangor,26,15,0,57,2
Pulau Pinang,26,12,0,60,2
Putrajaya,26,18,0,55,1
